test_iter: 11
test_interval: 33
base_lr: 0.00999999977648
display: 4
max_iter: 1650
lr_policy: "step"
gamma: 0.10000000149
momentum: 0.899999976158
weight_decay: 9.99999974738e-05
stepsize: 545
snapshot: 33
snapshot_prefix: "snapshot"
solver_mode: GPU
net: "train_val.prototxt"
solver_type: SGD
